200 drüber:
[-0.4661098815346479, 0.2733630328921264, -0.0006295052312567107] [0.01107453138246894, 0.020205296039954634, -0.0018679130411212858, -0.9997327450903168]
[-0.4661098815346479, 0.2733630328921264, -0.0006295052312567107] [0.01107453138246894, 0.020205296039954634, -0.0018679130411212858, -0.9997327450903168]
[-0.46609527962672365, 0.2733668688363126, -0.0006454980474008276] [0.011058465418146306, 0.020220585057131424, -0.0018520591562353967, -0.9997326433090887]
[-0.46609527962672365, 0.2733668688363126, -0.0006454980474008276] [0.011058465418146306, 0.020220585057131424, -0.0018520591562353967, -0.9997326433090887]
[-0.4660949269839548, 0.27335099807564256, -0.0006450221968193892] [0.010562784820592806, 0.021918530665088694, -0.0018915018703707304, -0.9997021445157278]
[-0.4660949269839548, 0.27335099807564256, -0.0006450221968193892] [0.010562784820592806, 0.021918530665088694, -0.0018915018703707304, -0.9997021445157278]
[-0.466069851294734, 0.27336448427908827, -0.0006113607341972083] [0.011254139827897197, 0.019858042249555986, -0.0020618712063588665, -0.9997373160586889]
[-0.466069851294734, 0.27336448427908827, -0.0006113607341972083] [0.011254139827897197, 0.019858042249555986, -0.0020618712063588665, -0.9997373160586889]
[-0.46608920929037545, 0.2733517210684945, -0.0006436637700923953] [0.009887129219642805, 0.019206072020923847, -0.001939173642204502, -0.999764752838016]
[-0.46608920929037545, 0.2733517210684945, -0.0006436637700923953] [0.009887129219642805, 0.019206072020923847, -0.001939173642204502, -0.999764752838016]
[-0.46608920929037545, 0.2733517210684945, -0.0006436637700923953] [0.009887129219642805, 0.019206072020923847, -0.001939173642204502, -0.999764752838016]
[-0.4660684605471428, 0.27337611364354597, -0.0006515751584425522] [0.013284527251052688, 0.020190590138640267, -0.002030231843312438, -0.9997058014749063]
[-0.4660684605471428, 0.27337611364354597, -0.0006515751584425522] [0.013284527251052688, 0.020190590138640267, -0.002030231843312438, -0.9997058014749063]
[-0.46608246160300715, 0.2733695442423985, -0.0006265193162883764] [0.012195115961338357, 0.020072941572455847, -0.002015716683868884, -0.9997220828749969]
[-0.46608246160300715, 0.2733695442423985, -0.0006265193162883764] [0.012195115961338357, 0.020072941572455847, -0.002015716683868884, -0.9997220828749969]
[-0.46607067052948603, 0.2733739498197099, -0.0007162950405795732] [0.01344495955905043, 0.021500296370805874, -0.00202372170190277, -0.9996763600322106]
[-0.46607067052948603, 0.2733739498197099, -0.0007162950405795732] [0.01344495955905043, 0.021500296370805874, -0.00202372170190277, -0.9996763600322106]
[-0.4660883880373963, 0.27336155608700036, -0.000683169098883385] [0.013825496719964518, 0.021334391325905144, -0.0019049695932063695, -0.9996749573818491]
[-0.4660883880373963, 0.27336155608700036, -0.000683169098883385] [0.013825496719964518, 0.021334391325905144, -0.0019049695932063695, -0.9996749573818491]
[-0.46608851031937765, 0.2733927241868167, -0.000680297019474474] [0.012807353978001602, 0.020952048806019564, -0.0019579997833503817, -0.9996965037000545]
[-0.46608851031937765, 0.2733927241868167, -0.000680297019474474] [0.012807353978001602, 0.020952048806019564, -0.0019579997833503817, -0.9996965037000545]
[-0.46608851031937765, 0.2733927241868167, -0.000680297019474474] [0.012807353978001602, 0.020952048806019564, -0.0019579997833503817, -0.9996965037000545]
[-0.4660779721559153, 0.2733651111707556, -0.0007183925070659569] [0.01254076612773265, 0.02165922816253068, -0.0019351195668360732, -0.9996848564777543]
[-0.4660779721559153, 0.2733651111707556, -0.0007183925070659569] [0.01254076612773265, 0.02165922816253068, -0.0019351195668360732, -0.9996848564777543]
[-0.46609544807918135, 0.2733559306172899, -0.0006441990228218675] [0.010332970454381724, 0.021261534479421064, -0.0019079813957976126, -0.9997187036454387]
[-0.46609544807918135, 0.2733559306172899, -0.0006441990228218675] [0.010332970454381724, 0.021261534479421064, -0.0019079813957976126, -0.9997187036454387]
[-0.46609544807918135, 0.2733559306172899, -0.0006441990228218675] [0.010332970454381724, 0.021261534479421064, -0.0019079813957976126, -0.9997187036454387]
[-0.4660903917521981, 0.27336598328594897, -0.000715870285911524] [0.013514278333501942, 0.021097350153367923, -0.0020651744317258885, -0.9996839255937601]
[-0.4660903917521981, 0.27336598328594897, -0.000715870285911524] [0.013514278333501942, 0.021097350153367923, -0.0020651744317258885, -0.9996839255937601]
[-0.4660656120846449, 0.27336091015197056, -0.000640467264251543] [0.010745586455122514, 0.019514324533943566, -0.0020900636704265013, -0.9997496211961905]
[-0.4660656120846449, 0.27336091015197056, -0.000640467264251543] [0.010745586455122514, 0.019514324533943566, -0.0020900636704265013, -0.9997496211961905]
[-0.46607477021343086, 0.2733760668537282, -0.0006969778051704179] [0.014320728910008424, 0.020380164807714176, -0.001991918323653451, -0.9996877251450285]
[-0.46607477021343086, 0.2733760668537282, -0.0006969778051704179] [0.014320728910008424, 0.020380164807714176, -0.001991918323653451, -0.9996877251450285]
[-0.4660635475610268, 0.27338097822290747, -0.0006791657346869595] [0.01292468551325053, 0.020506637597839453, -0.001993885107523606, -0.9997041585785997]
[-0.4660635475610268, 0.27338097822290747, -0.0006791657346869595] [0.01292468551325053, 0.020506637597839453, -0.001993885107523606, -0.9997041585785997]
[-0.4660635475610268, 0.27338097822290747, -0.0006791657346869595] [0.01292468551325053, 0.020506637597839453, -0.001993885107523606, -0.9997041585785997]
[-0.466072523171602, 0.27334465527092233, -0.000716259311222045] [0.012805814777264802, 0.022124911828458275, -0.001979376842647488, -0.9996712116441797]
[-0.466072523171602, 0.27334465527092233, -0.000716259311222045] [0.012805814777264802, 0.022124911828458275, -0.001979376842647488, -0.9996712116441797]
[-0.4660682418535123, 0.2733842133302696, -0.0006044485866121274] [0.011507819111478784, 0.01966546930437166, -0.001993770223876856, -0.9997383728931204]
[-0.4660682418535123, 0.2733842133302696, -0.0006044485866121274] [0.011507819111478784, 0.01966546930437166, -0.001993770223876856, -0.9997383728931204]
[-0.46608791618521495, 0.2733569842951415, -0.0006965651571257392] [0.011893026038059166, 0.021617982429414657, -0.001894535563713866, -0.9996937428236164]
[-0.46608791618521495, 0.2733569842951415, -0.0006965651571257392] [0.011893026038059166, 0.021617982429414657, -0.001894535563713866, -0.9996937428236164]

300 drüber:
[-0.46455706152988796, 0.27214680237311856, 0.0013718196755795886] [0.017101326801440754, 0.022546659999203467, -0.0020482815698702863, -0.9995973925663647]
[-0.46455706152988796, 0.27214680237311856, 0.0013718196755795886] [0.017101326801440754, 0.022546659999203467, -0.0020482815698702863, -0.9995973925663647]
[-0.4645568893148223, 0.27212730838057764, 0.0013459728545677785] [0.017132076093588897, 0.022570965496615802, -0.002057169282464875, -0.9995962992519385]
[-0.4645568893148223, 0.27212730838057764, 0.0013459728545677785] [0.017132076093588897, 0.022570965496615802, -0.002057169282464875, -0.9995962992519385]
[-0.46457483084099166, 0.27211977903966167, 0.001370610832426733] [0.016941504171445017, 0.020308841347619854, -0.0021277346644948012, -0.9996479175605164]
[-0.46457483084099166, 0.27211977903966167, 0.001370610832426733] [0.016941504171445017, 0.020308841347619854, -0.0021277346644948012, -0.9996479175605164]
[-0.464583078775571, 0.27209843568546344, 0.0013604652426214559] [0.01550956431998002, 0.020778367132454054, -0.0021935191776146215, -0.9996613683072307]
[-0.464583078775571, 0.27209843568546344, 0.0013604652426214559] [0.01550956431998002, 0.020778367132454054, -0.0021935191776146215, -0.9996613683072307]
[-0.464583078775571, 0.27209843568546344, 0.0013604652426214559] [0.01550956431998002, 0.020778367132454054, -0.0021935191776146215, -0.9996613683072307]
[-0.4645660923979298, 0.2721111206925454, 0.001353141227440957] [0.015487109382915074, 0.021243361331990646, -0.0021839207355696536, -0.9996519641709578]
[-0.4645660923979298, 0.2721111206925454, 0.001353141227440957] [0.015487109382915074, 0.021243361331990646, -0.0021839207355696536, -0.9996519641709578]
[-0.4645740804887445, 0.27212655532659974, 0.0013593513349742792] [0.01794097907939815, 0.021821831119356337, -0.0020984074961548794, -0.9995986572523015]
[-0.4645740804887445, 0.27212655532659974, 0.0013593513349742792] [0.01794097907939815, 0.021821831119356337, -0.0020984074961548794, -0.9995986572523015]
[-0.4645517721175625, 0.2721133853895223, 0.001349724707218114] [0.014288280933539512, 0.021310525461164402, -0.0021668721829361465, -0.9996684255971228]
[-0.4645517721175625, 0.2721133853895223, 0.001349724707218114] [0.014288280933539512, 0.021310525461164402, -0.0021668721829361465, -0.9996684255971228]
[-0.4645852190088424, 0.2721265377342451, 0.0013895373831512292] [0.015483040008158953, 0.021721993911487048, -0.002151583309008694, -0.9996418113905764]
[-0.4645852190088424, 0.2721265377342451, 0.0013895373831512292] [0.015483040008158953, 0.021721993911487048, -0.002151583309008694, -0.9996418113905764]
[-0.4645664579580227, 0.27209869663507, 0.0013632539319597958] [0.015911349548594182, 0.020724643427236008, -0.002151766492921456, -0.9996562598962057]
[-0.4645664579580227, 0.27209869663507, 0.0013632539319597958] [0.015911349548594182, 0.020724643427236008, -0.002151766492921456, -0.9996562598962057]
[-0.4645664579580227, 0.27209869663507, 0.0013632539319597958] [0.015911349548594182, 0.020724643427236008, -0.002151766492921456, -0.9996562598962057]
[-0.46457754479447233, 0.2721123765468906, 0.0013739298785791498] [0.014983513720780613, 0.02134614420993183, -0.0020669181159890483, -0.9996576985307537]
[-0.46457754479447233, 0.2721123765468906, 0.0013739298785791498] [0.014983513720780613, 0.02134614420993183, -0.0020669181159890483, -0.9996576985307537]
[-0.4645552476237379, 0.2720877727055123, 0.002352792079305166] [0.017068735537395574, 0.021815331578866108, -0.002098802157503964, -0.9996140728016568]
[-0.4645552476237379, 0.2720877727055123, 0.002352792079305166] [0.017068735537395574, 0.021815331578866108, -0.002098802157503964, -0.9996140728016568]
[-0.4645826453035342, 0.27209178173600845, 0.002364306776034719] [0.014405519096691475, 0.022165555731482392, -0.00223334749973654, -0.9996480036772785]
[-0.4645826453035342, 0.27209178173600845, 0.002364306776034719] [0.014405519096691475, 0.022165555731482392, -0.00223334749973654, -0.9996480036772785]
[-0.4645826453035342, 0.27209178173600845, 0.002364306776034719] [0.014405519096691475, 0.022165555731482392, -0.00223334749973654, -0.9996480036772785]
[-0.46457945634067926, 0.27210949641782545, 0.0023776619199663007] [0.016002366356500052, 0.021522810955945333, -0.0022372076414070353, -0.9996377532485803]
[-0.46457945634067926, 0.27210949641782545, 0.0023776619199663007] [0.016002366356500052, 0.021522810955945333, -0.0022372076414070353, -0.9996377532485803]
[-0.46458129875094023, 0.27211012942202667, 0.0023813476327782523] [0.016674688222986896, 0.02150466799511008, -0.0021920334571112667, -0.9996272550079669]
[-0.46458129875094023, 0.27211012942202667, 0.0023813476327782523] [0.016674688222986896, 0.02150466799511008, -0.0021920334571112667, -0.9996272550079669]
[-0.4645646500498033, 0.27212647972100074, 0.0023609383091952596] [0.01841791100597115, 0.02058135493082702, -0.002195673396318493, -0.9996160849746656]
[-0.4645646500498033, 0.27212647972100074, 0.0023609383091952596] [0.01841791100597115, 0.02058135493082702, -0.002195673396318493, -0.9996160849746656]
[-0.4645646500498033, 0.27212647972100074, 0.0023609383091952596] [0.01841791100597115, 0.02058135493082702, -0.002195673396318493, -0.9996160849746656]
[-0.46456202009040576, 0.27210649357086125, 0.002353184142275755] [0.01699191162306933, 0.020996261000285635, -0.002217622106843737, -0.9996326645593101]
[-0.46456202009040576, 0.27210649357086125, 0.002353184142275755] [0.01699191162306933, 0.020996261000285635, -0.002217622106843737, -0.9996326645593101]
[-0.46457350713545176, 0.27209341056387315, 0.0023621558531110587] [0.014196729469802669, 0.022382242650531663, -0.0021764505202097406, -0.9996462879877964]
[-0.46457350713545176, 0.27209341056387315, 0.0023621558531110587] [0.014196729469802669, 0.022382242650531663, -0.0021764505202097406, -0.9996462879877964]
[-0.4645618809408964, 0.27209880427399974, 0.0013538528079512502] [0.01618379804581136, 0.0219687549269278, -0.0021294626083150823, -0.9996253667325208]
[-0.4645618809408964, 0.27209880427399974, 0.0013538528079512502] [0.01618379804581136, 0.0219687549269278, -0.0021294626083150823, -0.9996253667325208]
[-0.4645618809408964, 0.27209880427399974, 0.0013538528079512502] [0.01618379804581136, 0.0219687549269278, -0.0021294626083150823, -0.9996253667325208]

400 drüber: erkennt er nicht mehr immer
[-0.463072671343241, 0.2708289681756957, 0.006317043784797138] [0.016668342803763482, 0.01974737301609653, -0.0023205364909665766, -0.9996633296544827]
[-0.463072671343241, 0.2708289681756957, 0.006317043784797138] [0.016668342803763482, 0.01974737301609653, -0.0023205364909665766, -0.9996633296544827]
[-0.46306222592416413, 0.2708286822576493, 0.006353016526265742] [0.016613571419601965, 0.019793941455291862, -0.002329461291427577, -0.999663299653836]
[-0.46306222592416413, 0.2708286822576493, 0.006353016526265742] [0.016613571419601965, 0.019793941455291862, -0.002329461291427577, -0.999663299653836]
[-0.46306222592416413, 0.2708286822576493, 0.006353016526265742] [0.016613571419601965, 0.019793941455291862, -0.002329461291427577, -0.999663299653836]
[-0.46306222592416413, 0.2708286822576493, 0.006353016526265742] [0.016613571419601965, 0.019793941455291862, -0.002329461291427577, -0.999663299653836]
[-0.46306222592416413, 0.2708286822576493, 0.006353016526265742] [0.016613571419601965, 0.019793941455291862, -0.002329461291427577, -0.999663299653836]
[-0.46306222592416413, 0.2708286822576493, 0.006353016526265742] [0.016613571419601965, 0.019793941455291862, -0.002329461291427577, -0.999663299653836]
[-0.4630918396707764, 0.27083253535078383, 0.004376361149882824] [0.015176442699426492, 0.02089861300441736, -0.0024019128030215763, -0.9996634955397355]
[-0.4630918396707764, 0.27083253535078383, 0.004376361149882824] [0.015176442699426492, 0.02089861300441736, -0.0024019128030215763, -0.9996634955397355]
[-0.4630918396707764, 0.27083253535078383, 0.004376361149882824] [0.015176442699426492, 0.02089861300441736, -0.0024019128030215763, -0.9996634955397355]
[-0.46307452892095036, 0.2708381578050843, 0.0043653992357366445] [0.018330390268097622, 0.018484121356085417, -0.00229252696671845, -0.999658455828176]
[-0.46307452892095036, 0.2708381578050843, 0.0043653992357366445] [0.018330390268097622, 0.018484121356085417, -0.00229252696671845, -0.999658455828176]
[-0.46307452892095036, 0.2708381578050843, 0.0043653992357366445] [0.018330390268097622, 0.018484121356085417, -0.00229252696671845, -0.999658455828176]
[-0.4630397237973262, 0.2708388322249943, 0.003343765497595408] [0.019518363637802127, 0.01898366569699078, -0.002313332042595286, -0.9996265564453668]
[-0.4630397237973262, 0.2708388322249943, 0.003343765497595408] [0.019518363637802127, 0.01898366569699078, -0.002313332042595286, -0.9996265564453668]
[-0.46306486064846936, 0.2708282694233889, 0.00437543158283793] [0.018389433665816864, 0.018130896365922338, -0.0023648913242878817, -0.999663671718542]
[-0.46306486064846936, 0.2708282694233889, 0.00437543158283793] [0.018389433665816864, 0.018130896365922338, -0.0023648913242878817, -0.999663671718542]
[-0.4630340058656694, 0.2708167643578609, 0.003350599415074429] [0.016320976114037093, 0.01898835122511244, -0.002354978137993103, -0.9996836861091408]
[-0.4630395593291737, 0.2708177557817979, 0.003348546359747906] [0.016300214589835, 0.018988375356170473, -0.002356246222767575, -0.9996840214026379]
[-0.4630395593291737, 0.2708177557817979, 0.003348546359747906] [0.016300214589835, 0.018988375356170473, -0.002356246222767575, -0.9996840214026379]
[-0.4630836157294655, 0.27085475527552727, 0.005379658193479964] [0.019461521915737443, 0.016160744637125732, -0.0022849027102800168, -0.999677352276951]
[-0.4630836157294655, 0.27085475527552727, 0.005379658193479964] [0.019461521915737443, 0.016160744637125732, -0.0022849027102800168, -0.999677352276951]
[-0.4630858902083355, 0.2707899531266415, 0.004353951694565095] [0.014843876720774194, 0.017901335645535723, -0.002325384080371435, -0.9997268347069797]
[-0.4630858902083355, 0.2707899531266415, 0.004353951694565095] [0.014843876720774194, 0.017901335645535723, -0.002325384080371435, -0.9997268347069797]
[-0.4630858902083355, 0.2707899531266415, 0.004353951694565095] [0.014843876720774194, 0.017901335645535723, -0.002325384080371435, -0.9997268347069797]
[-0.4630858902083355, 0.2707899531266415, 0.004353951694565095] [0.014843876720774194, 0.017901335645535723, -0.002325384080371435, -0.9997268347069797]
[-0.4630858902083355, 0.2707899531266415, 0.004353951694565095] [0.014843876720774194, 0.017901335645535723, -0.002325384080371435, -0.9997268347069797]
[-0.4630858902083355, 0.2707899531266415, 0.004353951694565095] [0.014843876720774194, 0.017901335645535723, -0.002325384080371435, -0.9997268347069797]
[-0.4630858902083355, 0.2707899531266415, 0.004353951694565095] [0.014843876720774194, 0.017901335645535723, -0.002325384080371435, -0.9997268347069797]
[-0.4630858902083355, 0.2707899531266415, 0.004353951694565095] [0.014843876720774194, 0.017901335645535723, -0.002325384080371435, -0.9997268347069797]
[-0.46306109735850265, 0.2708586884463855, 0.002367157729028513] [0.02091404737155309, 0.017147855286853045, -0.0022963742366161866, -0.9996315472639508]
[-0.46306109735850265, 0.2708586884463855, 0.002367157729028513] [0.02091404737155309, 0.017147855286853045, -0.0022963742366161866, -0.9996315472639508]
[-0.4630657766085443, 0.270833294845682, 0.004372396489175978] [0.021052103817751352, 0.016740839641223082, -0.002202076078589219, -0.9996357606709814]
[-0.4630657766085443, 0.270833294845682, 0.004372396489175978] [0.021052103817751352, 0.016740839641223082, -0.002202076078589219, -0.9996357606709814]
[-0.4630657766085443, 0.270833294845682, 0.004372396489175978] [0.021052103817751352, 0.016740839641223082, -0.002202076078589219, -0.9996357606709814]
[-0.4630657766085443, 0.270833294845682, 0.004372396489175978] [0.021052103817751352, 0.016740839641223082, -0.002202076078589219, -0.9996357606709814]
[-0.4630657766085443, 0.270833294845682, 0.004372396489175978] [0.021052103817751352, 0.016740839641223082, -0.002202076078589219, -0.9996357606709814]
[-0.46304757341452, 0.2708469513599593, 0.002365203571381924] [0.023043550921685634, 0.01644124738768497, -0.002390294549195883, -0.9995963768319585]
[-0.46304757341452, 0.2708469513599593, 0.002365203571381924] [0.023043550921685634, 0.01644124738768497, -0.002390294549195883, -0.9995963768319585]
[-0.46308540737388554, 0.27082799048136585, 0.004381500921329939] [0.01563082249737354, 0.02009474914251348, -0.0023920695130388338, -0.9996729997287881]
[-0.46308540737388554, 0.27082799048136585, 0.004381500921329939] [0.01563082249737354, 0.02009474914251348, -0.0023920695130388338, -0.9996729997287881]
[-0.46308540737388554, 0.27082799048136585, 0.004381500921329939] [0.01563082249737354, 0.02009474914251348, -0.0023920695130388338, -0.9996729997287881]
[-0.46308540737388554, 0.27082799048136585, 0.004381500921329939] [0.01563082249737354, 0.02009474914251348, -0.0023920695130388338, -0.9996729997287881]
[-0.46308540737388554, 0.27082799048136585, 0.004381500921329939] [0.01563082249737354, 0.02009474914251348, -0.0023920695130388338, -0.9996729997287881]
[-0.4630543782723095, 0.2708430412113442, 0.0033736763717090446] [0.019321698171682864, 0.017401280172479345, -0.002319606339571838, -0.9996591603106051]

seitlich 1 200 - springt tw:
[-0.46522137447557016, 0.27311516050114293, 0.003005992982390765] [-0.0008513051547104705, 0.008385856712460176, -0.0020724789359325936, -0.9999623030175417]
[-0.46522137447557016, 0.27311516050114293, 0.003005992982390765] [-0.0008513051547104705, 0.008385856712460176, -0.0020724789359325936, -0.9999623030175417]
[-0.4652206839513936, 0.27310327587424393, 0.002999927663530688] [-0.000856194933220026, 0.00839373013836099, -0.0020765509945217765, -0.9999622243359604]
[-0.46521536988639, 0.2731067683903627, 0.002941968032094483] [-0.0004779925032467843, 0.00862449320786135, -0.002122230975463764, -0.9999604170736534]
[-0.46521536988639, 0.2731067683903627, 0.002941968032094483] [-0.0004779925032467843, 0.00862449320786135, -0.002122230975463764, -0.9999604170736534]
[-0.4652734887593811, 0.2731591402160461, 0.0028671925892881645] [-0.0007510673815044054, 0.008052886348968039, -0.0020838886117280934, -0.9999650965237972]
[-0.4652734887593811, 0.2731591402160461, 0.0028671925892881645] [-0.0007510673815044054, 0.008052886348968039, -0.0020838886117280934, -0.9999650965237972]
[-0.46528713949025685, 0.2731607598794511, 0.002896959205306998] [-0.0006942736626957221, 0.008635348590236238, -0.0022193568524688473, -0.9999599857655911]
[-0.46528713949025685, 0.2731607598794511, 0.002896959205306998] [-0.0006942736626957221, 0.008635348590236238, -0.0022193568524688473, -0.9999599857655911]
[-0.46519933495099014, 0.27311984578241766, 0.002967611869771569] [-0.0003534342949902558, 0.008304117615266228, -0.00211179603361548, -0.9999632028083316]
[-0.46519933495099014, 0.27311984578241766, 0.002967611869771569] [-0.0003534342949902558, 0.008304117615266228, -0.00211179603361548, -0.9999632028083316]
[-0.4656359202113378, 0.27323186041319003, 0.0030879258700896306] [0.004633888723234081, 0.020212237463548922, 0.0013465112876951746, -0.9997840413697971]
[-0.4651829260185169, 0.2731002903790173, 0.0030260875810319277] [-0.0006508544716447127, 0.008482738960316557, -0.0022834347065754266, -0.9999611769426261]
[-0.4651829260185169, 0.2731002903790173, 0.0030260875810319277] [-0.0006508544716447127, 0.008482738960316557, -0.0022834347065754266, -0.9999611769426261]
[-0.4652176383142931, 0.2731025203151552, 0.002978775642553916] [-0.0008394392939499189, 0.009244851597087548, -0.002129903269121724, -0.9999546197258341]
[-0.4652176383142931, 0.2731025203151552, 0.002978775642553916] [-0.0008394392939499189, 0.009244851597087548, -0.002129903269121724, -0.9999546197258341]
[-0.46518645342817355, 0.27311818332278914, 0.003024710360246541] [-0.0007484316425234251, 0.008512478831590843, -0.0019804605377516755, -0.9999615018932629]
[-0.46518645342817355, 0.27311818332278914, 0.003024710360246541] [-0.0007484316425234251, 0.008512478831590843, -0.0019804605377516755, -0.9999615018932629]
[-0.4652366491548423, 0.2731432540520141, 0.0029704922332978168] [-0.00017824874314286722, 0.008371654415130601, -0.002457002377110741, -0.9999618976278102]
[-0.4652366491548423, 0.2731432540520141, 0.0029704922332978168] [-0.00017824874314286722, 0.008371654415130601, -0.002457002377110741, -0.9999618976278102]
[-0.46522016501803015, 0.2731179913395101, 0.0029539613351543814] [-0.00036472940146216093, 0.007940492962539045, -0.002402483810712996, -0.9999654961816773]
[-0.46524430102931813, 0.27313400679035404, 0.002938503840886203] [-0.00010222756285332942, 0.008189649671451766, -0.002300523743300048, -0.9999637877026568]
[-0.46524430102931813, 0.27313400679035404, 0.002938503840886203] [-0.00010222756285332942, 0.008189649671451766, -0.002300523743300048, -0.9999637877026568]
[-0.4652082957383698, 0.2731386332710773, 0.002960733812900934] [-0.0008498482665115784, 0.008172491485872747, -0.002555877986899646, -0.9999629520971798]
[-0.4652082957383698, 0.2731386332710773, 0.002960733812900934] [-0.0008498482665115784, 0.008172491485872747, -0.002555877986899646, -0.9999629520971798]
[-0.46521916570055777, 0.2731180623241974, 0.0029597526287989118] [-0.0008140773332014139, 0.008524466166772418, -0.002227252542982293, -0.9999608292523913]
[-0.46523793214882714, 0.2731327336374262, 0.0029520465328986556] [-0.0004522563088440255, 0.008918169276285295, -0.00213614308840385, -0.9999578233865918]
[-0.46523793214882714, 0.2731327336374262, 0.0029520465328986556] [-0.0004522563088440255, 0.008918169276285295, -0.00213614308840385, -0.9999578233865918]
[-0.46523793214882714, 0.2731327336374262, 0.0029520465328986556] [-0.0004522563088440255, 0.008918169276285295, -0.00213614308840385, -0.9999578233865918]
[-0.46523793214882714, 0.2731327336374262, 0.0029520465328986556] [-0.0004522563088440255, 0.008918169276285295, -0.00213614308840385, -0.9999578233865918]
[-0.4651978990567017, 0.2731150538440338, 0.0029804998263806004] [-0.0008549930623617002, 0.00842850645205189, -0.0021370876305377593, -0.9999618053009143]
[-0.4651978990567017, 0.2731150538440338, 0.0029804998263806004] [-0.0008549930623617002, 0.00842850645205189, -0.0021370876305377593, -0.9999618053009143]
[-0.46518619402331446, 0.2730894898888652, 0.0029954959175734763] [-0.0006466945886418521, 0.008537594303997113, -0.002097790860927605, -0.9999611194848862]
[-0.46518619402331446, 0.2730894898888652, 0.0029954959175734763] [-0.0006466945886418521, 0.008537594303997113, -0.002097790860927605, -0.9999611194848862]
[-0.4652253960874295, 0.273151936036324, 0.0029550120415512415] [-0.0006742796436685031, 0.008091368427713977, -0.0024655440329672497, -0.9999639724184586]
[-0.4652179762313892, 0.2731122701859227, 0.002977699725805749] [-0.0009506105292668713, 0.008451238595960914, -0.002232690117280503, -0.9999613182213647]
[-0.4652179762313892, 0.2731122701859227, 0.002977699725805749] [-0.0009506105292668713, 0.008451238595960914, -0.002232690117280503, -0.9999613182213647]
[-0.4652262462669546, 0.2731048776774124, 0.0029271568171796436] [-0.0006914258450507601, 0.008060000240199637, -0.0021400909790694365, -0.9999649635239145]
[-0.4652262462669546, 0.2731048776774124, 0.0029271568171796436] [-0.0006914258450507601, 0.008060000240199637, -0.0021400909790694365, -0.9999649635239145]
[-0.46520052507318055, 0.27311365936615445, 0.003023431480659533] [-0.0007164274139078363, 0.00853004884492437, -0.002009738661012203, -0.999961317195486]
[-0.46519578644668536, 0.27311506428534094, 0.002995552297808901] [-0.0011040258622233466, 0.008552643930134819, -0.0023406249189417377, -0.9999600516130842]
[-0.46519578644668536, 0.27311506428534094, 0.002995552297808901] [-0.0011040258622233466, 0.008552643930134819, -0.0023406249189417377, -0.9999600516130842]
[-0.4651872268988021, 0.27309550608380995, 0.003041852512713189] [-0.0008848392920831421, 0.008643422491630326, -0.0021482045671906524, -0.9999599209281088]
[-0.4651872268988021, 0.27309550608380995, 0.003041852512713189] [-0.0008848392920831421, 0.008643422491630326, -0.0021482045671906524, -0.9999599209281088]
[-0.4652069458390826, 0.27309450129273605, 0.0029970155147056032] [-0.0005892561449524469, 0.008476929615687029, -0.0020222774858499907, -0.999961826658203]
[-0.4652069458390826, 0.27309450129273605, 0.0029970155147056032] [-0.0005892561449524469, 0.008476929615687029, -0.0020222774858499907, -0.999961826658203]
[-0.465201808402569, 0.27311612003422664, 0.0029831398668036524] [-0.0007497149223355408, 0.008579754346633906, -0.002378060186187424, -0.9999600594578724]
[-0.465201808402569, 0.27311612003422664, 0.0029831398668036524] [-0.0007497149223355408, 0.008579754346633906, -0.002378060186187424, -0.9999600594578724]
[-0.46523793585749923, 0.27310402265468536, 0.0029226394771949826] [-0.0007944176791623184, 0.008424923432481057, -0.0022599648683045313, -0.9999616152947348]
[-0.46523793585749923, 0.27310402265468536, 0.0029226394771949826] [-0.0007944176791623184, 0.008424923432481057, -0.0022599648683045313, -0.9999616152947348]

seitlich1 300 - springt:
[-0.4626556523009817, 0.2702847744061119, 0.005559302883414607] [0.009461469658525111, 0.023240084179735894, 0.0021112782137992048, -0.9996828854801292]
[-0.4626556523009817, 0.2702847744061119, 0.005559302883414607] [0.009461469658525111, 0.023240084179735894, 0.0021112782137992048, -0.9996828854801292]
[-0.4626655227488037, 0.2702903723319984, 0.005577341885985354] [0.009545981539787295, 0.02336762172179976, 0.0021398450928690775, -0.9996790482414046]
[-0.46262117170187933, 0.27059228350652537, 0.0044100742766289835] [-0.002066976609373771, 0.0065856621789474375, -0.0014505834135501452, -0.9999751008937544]
[-0.46262117170187933, 0.27059228350652537, 0.0044100742766289835] [-0.002066976609373771, 0.0065856621789474375, -0.0014505834135501452, -0.9999751008937544]
[-0.4626795554150777, 0.2701735946611554, 0.005519337754475995] [0.004634492842527953, 0.02535221177931045, 0.006238758900427555, -0.9996483454994189]
[-0.4626795554150777, 0.2701735946611554, 0.005519337754475995] [0.004634492842527953, 0.02535221177931045, 0.006238758900427555, -0.9996483454994189]
[-0.46260362291243906, 0.2705973504620206, 0.004405387730694432] [-0.001814833825604229, 0.006409950691533543, -0.0017108536003614754, -0.9999763206339584]
[-0.46260362291243906, 0.2705973504620206, 0.004405387730694432] [-0.001814833825604229, 0.006409950691533543, -0.0017108536003614754, -0.9999763206339584]
[-0.4626234120111671, 0.27061725036610923, 0.0044658115975368395] [-0.0019512510542936535, 0.006580004216023818, -0.0015663974122667817, -0.9999751959430494]
[-0.46219637971444183, 0.2701381179509931, 0.0052336983079391275] [-0.0021257420714307544, 0.006400516668333853, -0.001667721354609701, -0.9999758413336101]
[-0.46219637971444183, 0.2701381179509931, 0.0052336983079391275] [-0.0021257420714307544, 0.006400516668333853, -0.001667721354609701, -0.9999758413336101]
[-0.4621555742141703, 0.270160221697631, 0.005198415281460145] [-0.002151517272131255, 0.006697235442017565, -0.0015575256224822866, -0.999974020694113]
[-0.4621555742141703, 0.270160221697631, 0.005198415281460145] [-0.002151517272131255, 0.006697235442017565, -0.0015575256224822866, -0.999974020694113]
[-0.4631959091417859, 0.27064750615370303, 0.004794463083508449] [0.00668312044552897, 0.027057043855345766, 0.00619448559271315, -0.9995923321862344]
[-0.4621929991652167, 0.2701478937466156, 0.005234328559423906] [-0.002213426515237251, 0.006261578115759371, -0.0016302226800121874, -0.9999765925735107]
[-0.4621929991652167, 0.2701478937466156, 0.005234328559423906] [-0.002213426515237251, 0.006261578115759371, -0.0016302226800121874, -0.9999765925735107]
[-0.4616668775319157, 0.2697150940557531, 0.005949756703799103] [-0.0016763983550456586, 0.006811405611515144, -0.0017292243148720897, -0.9999738767406743]
[-0.4616668775319157, 0.2697150940557531, 0.005949756703799103] [-0.0016763983550456586, 0.006811405611515144, -0.0017292243148720897, -0.9999738767406743]
[-0.4616668775319157, 0.2697150940557531, 0.005949756703799103] [-0.0016763983550456586, 0.006811405611515144, -0.0017292243148720897, -0.9999738767406743]
[-0.4616668775319157, 0.2697150940557531, 0.005949756703799103] [-0.0016763983550456586, 0.006811405611515144, -0.0017292243148720897, -0.9999738767406743]
[-0.461691033706394, 0.26969987697444747, 0.005949239622908609] [-0.002089257992833443, 0.006794956522296059, -0.0016614895731659211, -0.9999733261230779]
[-0.46216311753771355, 0.27015325545880375, 0.005206919361505302] [-0.0019637887643084075, 0.006526694008143404, -0.0015761709871693562, -0.9999755054112006]
[-0.46216311753771355, 0.27015325545880375, 0.005206919361505302] [-0.0019637887643084075, 0.006526694008143404, -0.0015761709871693562, -0.9999755054112006]
[-0.4626353982377114, 0.2705984116509241, 0.004454149475261793] [-0.0017682446521999288, 0.0062332603085439335, -0.0015911934735795563, -0.9999777186610004]
[-0.4626353982377114, 0.2705984116509241, 0.004454149475261793] [-0.0017682446521999288, 0.0062332603085439335, -0.0015911934735795563, -0.9999777186610004]
[-0.46216120263375543, 0.27016052559167514, 0.005215311016361579] [-0.0019218045622511329, 0.00671782916445957, -0.0016240518883911135, -0.9999742445845089]
[-0.46216120263375543, 0.27016052559167514, 0.005215311016361579] [-0.0019218045622511329, 0.00671782916445957, -0.0016240518883911135, -0.9999742445845089]
[-0.4626816241717395, 0.2701593164297254, 0.005509279241610487] [0.004546537852410317, 0.02554294592992129, 0.006276243188069844, -0.999643659318947]
[-0.4626816241717395, 0.2701593164297254, 0.005509279241610487] [0.004546537852410317, 0.02554294592992129, 0.006276243188069844, -0.999643659318947]
[-0.46261910255226524, 0.2705990010795033, 0.004434570174774499] [-0.0019945299130903153, 0.006626338185942762, -0.001570784605234897, -0.9999747977157968]
[-0.4621585607410992, 0.27014029921751964, 0.005175807768449003] [-0.001998177710486638, 0.006512353275686436, -0.0016002621208417458, -0.9999754925197657]
[-0.4621585607410992, 0.27014029921751964, 0.005175807768449003] [-0.001998177710486638, 0.006512353275686436, -0.0016002621208417458, -0.9999754925197657]
[-0.4626269514438382, 0.27058185125452994, 0.0044156294341835545] [-0.001931975687307861, 0.0062183215889528, -0.0018102602427954178, -0.9999771361600056]
[-0.4626269514438382, 0.27058185125452994, 0.0044156294341835545] [-0.001931975687307861, 0.0062183215889528, -0.0018102602427954178, -0.9999771361600056]
[-0.4621444537753552, 0.27013377946680994, 0.005163108168770081] [-0.0020306914426268066, 0.006756928537690924, -0.0015037658397329971, -0.9999739540786322]
[-0.4621444537753552, 0.27013377946680994, 0.005163108168770081] [-0.0020306914426268066, 0.006756928537690924, -0.0015037658397329971, -0.9999739540786322]
[-0.4621311780627685, 0.2701625014172281, 0.005173161354397049] [-0.0019382458154642366, 0.006635909075746591, -0.0017873792546846694, -0.9999744812382216]
[-0.4621311780627685, 0.2701625014172281, 0.005173161354397049] [-0.0019382458154642366, 0.006635909075746591, -0.0017873792546846694, -0.9999744812382216]
[-0.4616849404137726, 0.26969360686247984, 0.005940598180541046] [-0.001710055172695987, 0.00655158449977131, -0.0016683796558493182, -0.9999756591535246]
[-0.46167307207646013, 0.26971115197024015, 0.005944757279185753] [-0.0017156014314352406, 0.006358074270598414, -0.0017115140411879542, -0.9999768258621489]
[-0.46168199804534676, 0.2697092913247816, 0.005957981221367592] [-0.0017060181618762623, 0.006343293455829869, -0.001708716734948033, -0.999976940911958]
[-0.4621382061821022, 0.27014276493674194, 0.0051487406068713715] [-0.0018669472699993591, 0.0064871716441495175, -0.001545152125445122, -0.9999759964895223]
[-0.4621382061821022, 0.27014276493674194, 0.0051487406068713715] [-0.0018669472699993591, 0.0064871716441495175, -0.001545152125445122, -0.9999759964895223]
[-0.4626190882650151, 0.27022561539136475, 0.005503997403501937] [0.006367612518105694, 0.023633826199956284, 0.0043418282082330175, -0.9996909493619183]
[-0.4626190882650151, 0.27022561539136475, 0.005503997403501937] [0.006367612518105694, 0.023633826199956284, 0.0043418282082330175, -0.9996909493619183]

seitlich 1 400 - springt:

[-0.4605746720742577, 0.26829549899205085, 0.004628821544299944] [-1.663368801121522e-05, 0.0008460899092116603, 0.00012026399813360712, -0.999999609664979]
[-0.4605746720742577, 0.26829549899205085, 0.004628821544299944] [-1.663368801121522e-05, 0.0008460899092116603, 0.00012026399813360712, -0.999999609664979]
[-0.4605815098154664, 0.26828769280206205, 0.004629109636255346] [-8.193478995329892e-06, 0.0008359331046307672, 0.0001129692010048295, -0.9999996191624402]
[-0.46005596936834514, 0.2677478610797047, 0.0052582093070063785] [-0.0011312917096348344, 0.0015637736909305177, 0.00021974445460285033, -0.9999980882189923]
[-0.46005596936834514, 0.2677478610797047, 0.0052582093070063785] [-0.0011312917096348344, 0.0015637736909305177, 0.00021974445460285033, -0.9999980882189923]
[-0.460035245757658, 0.2677680105772361, 0.005283738455006126] [-0.0007628480433155608, 0.0015639160211774151, 0.0006936979307412075, -0.9999982204739546]
[-0.460035245757658, 0.2677680105772361, 0.005283738455006126] [-0.0007628480433155608, 0.0015639160211774151, 0.0006936979307412075, -0.9999982204739546]
[-0.4600493868261941, 0.2677784377481679, 0.0053001001621032495] [-0.000988890733580253, 0.0012586134308669433, -8.43916237182915e-06, -0.9999986939263885]
[-0.4600493868261941, 0.2677784377481679, 0.0053001001621032495] [-0.000988890733580253, 0.0012586134308669433, -8.43916237182915e-06, -0.9999986939263885]
[-0.460614624534026, 0.2682729786942902, 0.0046471112163798955] [-0.00042313771617748437, 0.0009203641882477944, 0.00017135986687256388, -0.9999994472290389]
[-0.460614624534026, 0.2682729786942902, 0.0046471112163798955] [-0.00042313771617748437, 0.0009203641882477944, 0.00017135986687256388, -0.9999994472290389]
[-0.46114580371320263, 0.26878773639088066, 0.00395707466925177] [-0.0004191265321377862, 0.0011869584935574346, 0.00029369488232510707, -0.9999991395717069]
[-0.46114580371320263, 0.26878773639088066, 0.00395707466925177] [-0.0004191265321377862, 0.0011869584935574346, 0.00029369488232510707, -0.9999991395717069]
[-0.46060129546409156, 0.26824755969237357, 0.004621274731089364] [-0.0007818845120766755, 0.0012823262310012716, -3.405451209764655e-05, -0.9999988465366803]
[-0.46060129546409156, 0.26824755969237357, 0.004621274731089364] [-0.0007818845120766755, 0.0012823262310012716, -3.405451209764655e-05, -0.9999988465366803]
[-0.4611751749948715, 0.2687506887416236, 0.003973039495464736] [-0.001056870023746343, 0.0014452463747099114, 9.60107560981787e-05, -0.9999983675031462]
[-0.4611751749948715, 0.2687506887416236, 0.003973039495464736] [-0.001056870023746343, 0.0014452463747099114, 9.60107560981787e-05, -0.9999983675031462]
[-0.4606015955075349, 0.2682465065850715, 0.0046013051623040035] [-0.000787863244811407, 0.0014762633273825484, 7.828723942387396e-05, -0.9999985718627589]
[-0.46059529737873545, 0.26824677656679263, 0.004592981181218203] [-0.0008844808650148594, 0.0016000938008919273, 0.0003342560477561037, -0.999998247800803]
[-0.46059529737873545, 0.26824677656679263, 0.004592981181218203] [-0.0008844808650148594, 0.0016000938008919273, 0.0003342560477561037, -0.999998247800803]
[-0.46061147275692205, 0.26827682459830005, 0.004633582658495172] [-0.00045821757683043164, 0.0010337045572599002, 0.0002481947115280184, -0.9999993049143981]
[-0.46061147275692205, 0.26827682459830005, 0.004633582658495172] [-0.00045821757683043164, 0.0010337045572599002, 0.0002481947115280184, -0.9999993049143981]
[-0.46060526955309306, 0.26826953262750547, 0.004649801248013119] [-0.0008527822504465446, 0.0013816555935205388, 0.0003870073238397564, -0.9999985819759641]
[-0.46060526955309306, 0.26826953262750547, 0.004649801248013119] [-0.0008527822504465446, 0.0013816555935205388, 0.0003870073238397564, -0.9999985819759641]
[-0.46059443118422105, 0.2682546495921689, 0.004607584951603294] [-0.0010397288615329704, 0.0016424370082256425, 7.231607009004178e-05, -0.9999980830348165]
[-0.46059443118422105, 0.2682546495921689, 0.004607584951603294] [-0.0010397288615329704, 0.0016424370082256425, 7.231607009004178e-05, -0.9999980830348165]
[-0.4600378263105456, 0.2677653181896037, 0.005279313493637361] [-0.0010515603836856943, 0.0014081705135453153, 0.00015686219447912897, -0.9999984183033341]
[-0.4600378263105456, 0.2677653181896037, 0.005279313493637361] [-0.0010515603836856943, 0.0014081705135453153, 0.00015686219447912897, -0.9999984183033341]
[-0.46059469951134857, 0.2682685196496204, 0.004610856391145501] [-0.001016585998681437, 0.002076537044738384, 0.00041480290887365665, -0.9999972162079799]
[-0.4600408678038663, 0.26778332347461575, 0.005255650085250363] [-0.0007693110449783167, 0.0011190331610895323, 8.30655864039684e-05, -0.9999990494814294]
[-0.460030431337436, 0.2677787534320327, 0.005270035844172849] [-0.0007692647457626069, 0.001103961166406226, 7.912379042352676e-05, -0.9999990665892011]
[-0.460030431337436, 0.2677787534320327, 0.005270035844172849] [-0.0007692647457626069, 0.001103961166406226, 7.912379042352676e-05, -0.9999990665892011]
[-0.460550243750633, 0.26825183954723864, 0.0045305829660055585] [-0.0007531096962812549, 0.0018960526153140396, -0.0001413030594828436, -0.9999978838887931]
[-0.460550243750633, 0.26825183954723864, 0.0045305829660055585] [-0.0007531096962812549, 0.0018960526153140396, -0.0001413030594828436, -0.9999978838887931]
[-0.46060434433688136, 0.26824963671233276, 0.004618728458975763] [-0.001000540896432477, 0.0016216404447728296, -6.395998547824197e-05, -0.9999981575221308]
[-0.46060434433688136, 0.26824963671233276, 0.004618728458975763] [-0.001000540896432477, 0.0016216404447728296, -6.395998547824197e-05, -0.9999981575221308]
[-0.460595597437391, 0.2682591221337113, 0.0045975462038108095] [-0.000741283055548239, 0.001639018269203867, 0.0005272147067441832, -0.9999982180491881]
[-0.460595597437391, 0.2682591221337113, 0.0045975462038108095] [-0.000741283055548239, 0.001639018269203867, 0.0005272147067441832, -0.9999982180491881]
[-0.4605752722186372, 0.2682595283764616, 0.004580400651811312] [-0.0010169861999509105, 0.001917133566892931, 0.0002473309765226593, -0.9999975895489435]
[-0.4605752722186372, 0.2682595283764616, 0.004580400651811312] [-0.0010169861999509105, 0.001917133566892931, 0.0002473309765226593, -0.9999975895489435]
[-0.4605752722186372, 0.2682595283764616, 0.004580400651811312] [-0.0010169861999509105, 0.001917133566892931, 0.0002473309765226593, -0.9999975895489435]
[-0.4606057195289441, 0.268247447093392, 0.004621822895161998] [-0.00065757641407132, 0.001130252431439173, 0.00013817435174862228, -0.9999991104840562]
[-0.4606057195289441, 0.268247447093392, 0.004621822895161998] [-0.00065757641407132, 0.001130252431439173, 0.00013817435174862228, -0.9999991104840562]
[-0.4605892747799035, 0.2682698766539898, 0.004614468267906069] [-0.0008204255765408239, 0.0016555686947049718, 0.0005176517567459525, -0.9999981339828505]
[-0.4605892747799035, 0.2682698766539898, 0.004614468267906069] [-0.0008204255765408239, 0.0016555686947049718, 0.0005176517567459525, -0.9999981339828505]
[-0.4606056590284924, 0.26826537832895203, 0.00464729760470467] [-0.0004778402431329456, 0.0012646402008519375, 0.00018557264428574583, -0.9999990439270491]
[-0.4606056590284924, 0.26826537832895203, 0.00464729760470467] [-0.0004778402431329456, 0.0012646402008519375, 0.00018557264428574583, -0.9999990439270491]
[-0.4600482195254364, 0.26776195416468423, 0.005274617553274907] [-0.0008638095945309148, 0.0013687496861883022, 4.487063537427751e-05, -0.9999986641402382]
[-0.4600482195254364, 0.26776195416468423, 0.005274617553274907] [-0.0008638095945309148, 0.0013687496861883022, 4.487063537427751e-05, -0.9999986641402382]
[-0.4605849093680486, 0.2682545931929488, 0.0046156075905856575] [-0.0010763236981764272, 0.0018432453773772133, 0.00024035797320055244, -0.9999976680673681]
[-0.4605849093680486, 0.2682545931929488, 0.0046156075905856575] [-0.0010763236981764272, 0.0018432453773772133, 0.00024035797320055244, -0.9999976680673681]
[-0.4605586646209555, 0.2682814258130748, 0.0045753890639329] [-0.0007043049678945681, 0.0017909447648617495, 6.233066376833233e-05, -0.999998121260537]
[-0.4605586646209555, 0.2682814258130748, 0.0045753890639329] [-0.0007043049678945681, 0.0017909447648617495, 6.233066376833233e-05, -0.999998121260537]
[-0.4606194792780295, 0.2682505999749328, 0.004639984633071748] [-0.0008937906871455294, 0.0014481192443298063, 6.561296955751829e-05, -0.9999985248599889]
[-0.4606194792780295, 0.2682505999749328, 0.004639984633071748] [-0.0008937906871455294, 0.0014481192443298063, 6.561296955751829e-05, -0.9999985248599889]
[-0.460601195576507, 0.26827307271720235, 0.004628807217120556] [-0.0006711848598823013, 0.0012863834891317788, 0.00010237593303876719, -0.9999989170923755]
[-0.460601195576507, 0.26827307271720235, 0.004628807217120556] [-0.0006711848598823013, 0.0012863834891317788, 0.00010237593303876719, -0.9999989170923755]
[-0.46058929246130564, 0.26827118976594255, 0.004621497985201173] [-0.0003698978223714058, 0.0010283298944138188, -1.3206243976985011e-05, -0.9999993777383952]
[-0.46058929246130564, 0.26827118976594255, 0.004621497985201173] [-0.0003698978223714058, 0.0010283298944138188, -1.3206243976985011e-05, -0.9999993777383952]